N:	65
m:	15.337228264928044
L:	-4.106459034158814
beta:	0.5931965593704056
T:	0.5199280850844594